  -3.8722932e-01   1.3045272e+00  -6.3108025e-01
  -6.9015263e-01   1.3046662e+00  -2.4286475e-01
  -8.6777406e-01   1.1972180e+00   1.9638658e-01
  -8.9274857e-01   1.0055179e+00   6.3591064e-01
  -7.5994238e-01   7.5997101e-01   1.0222197e+00
  -4.8711287e-01   4.9328649e-01   1.3065141e+00
  -1.1223627e-01   2.3567612e-01   1.4515760e+00
   3.1210527e-01   1.0753627e-02   1.4371312e+00
   7.2642217e-01  -1.6725277e-01   1.2628944e+00
   1.0729360e+00  -2.9457770e-01   9.4885499e-01
   1.3038231e+00  -3.7717088e-01   5.3277081e-01
   1.3878583e+00  -4.2830952e-01   6.5241438e-02
   1.3144940e+00  -4.6502557e-01  -3.9692163e-01
   1.0948128e+00  -5.0399797e-01  -7.9807905e-01
   7.5927897e-01  -5.5764679e-01  -1.0908661e+00
   3.5270636e-01  -6.3112969e-01  -1.2420451e+00
  -7.2724696e-02  -7.2078662e-01  -1.2363473e+00
  -4.6528376e-01  -8.1432978e-01  -1.0778518e+00
  -7.8112371e-01  -8.9277414e-01  -7.8881628e-01
  -9.9020435e-01  -9.3379939e-01  -4.0623246e-01
  -1.0798456e+00  -9.1597782e-01   2.3317695e-02
  -1.0554457e+00  -8.2313893e-01   4.4972467e-01
  -9.3835886e-01  -6.4809941e-01   8.2547588e-01
  -7.6137762e-01  -3.9507497e-01   1.1110359e+00
  -5.6263102e-01  -8.0296801e-02   1.2788412e+00
  -3.7893971e-01   2.6935351e-01   1.3155150e+00
  -2.3972304e-01   6.1954783e-01   1.2221887e+00
  -1.6243098e-01   9.3309904e-01   1.0130918e+00
  -1.5019657e-01   1.1752340e+00   7.1279331e-01
  -1.9202120e-01   1.3187215e+00   3.5261949e-01
  -2.6538131e-01   1.3480269e+00  -3.3184859e-02
  -3.4074968e-01   1.2618042e+00  -4.1103037e-01
  -3.8722216e-01   1.0732910e+00  -7.5089795e-01
  -3.7827865e-01   8.0850217e-01  -1.0283692e+00
  -2.9670917e-01   5.0246971e-01  -1.2257275e+00
  -1.3789663e-01   1.9409520e-01  -1.3322436e+00
   8.9060596e-02  -7.9590512e-02  -1.3438645e+00
   3.6253468e-01  -2.8886057e-01  -1.2625680e+00
   6.5162575e-01  -4.1556018e-01  -1.0956233e+00
   9.2091760e-01  -4.5553033e-01  -8.5491611e-01
   1.1359249e+00  -4.1879943e-01  -5.5639679e-01
   1.2683310e+00  -3.2751088e-01  -2.1959281e-01
   1.3001731e+00  -2.1191780e-01   1.3295121e-01
   1.2263268e+00  -1.0508893e-01   4.7648338e-01
   1.0549413e+00  -3.7179357e-02   7.8525895e-01
   8.0582182e-01  -3.0193847e-02   1.0342375e+00
   5.0709744e-01  -9.4094640e-02   1.2012218e+00
   1.9078122e-01  -2.2489271e-01   1.2692612e+00
  -1.1200702e-01  -4.0504447e-01   1.2290198e+00
  -3.7535852e-01  -6.0610606e-01   1.0807269e+00
  -5.8174606e-01  -7.9323375e-01   8.3531384e-01
  -7.2358142e-01  -9.3081994e-01   5.1439762e-01
  -8.0298965e-01  -9.8836853e-01   1.4891078e-01
  -8.2994497e-01  -9.4566961e-01  -2.2363584e-01
  -8.1919457e-01  -7.9644038e-01  -5.6304907e-01
  -7.8659460e-01  -5.4983832e-01  -8.3109071e-01
  -7.4556667e-01  -2.2958691e-01  -9.9627508e-01
  -7.0433900e-01   1.2917028e-01  -1.0381616e+00
  -6.6447549e-01   4.8481358e-01  -9.5049197e-01
  -6.2094768e-01   7.9523307e-01  -7.4264351e-01
  -5.6371397e-01   1.0239364e+00  -4.3907982e-01
  -4.8048893e-01   1.1453397e+00  -7.6759447e-02
  -3.6016303e-01   1.1484303e+00   2.9924030e-01
  -1.9620749e-01   1.0382442e+00   6.4135056e-01
   1.0607123e-02   8.3494149e-01   9.0564828e-01
   2.5073703e-01   5.7063259e-01   1.0576591e+00
   5.0598079e-01   2.8445470e-01   1.0770016e+00
   7.5125316e-01   1.6662622e-02   9.6019243e-01
   9.5779418e-01  -1.9735758e-01   7.2118579e-01
   1.0973334e+00  -3.3224043e-01   3.8953768e-01
   1.1465507e+00  -3.7618391e-01   6.4335751e-03
   1.0911052e+00  -3.3236445e-01  -3.8087144e-01
   9.2855544e-01  -2.1803622e-01  -7.2541399e-01
   6.6965761e-01  -6.1483969e-02  -9.8677992e-01
   3.3777877e-01   1.0267652e-01  -1.1363671e+00
  -3.3545480e-02   2.3911026e-01  -1.1609108e+00
  -4.0458799e-01   3.1741847e-01  -1.0637895e+00
  -7.3438185e-01   3.1697425e-01  -8.6395652e-01
  -9.8593659e-01   2.3021181e-01  -5.9269983e-01
  -1.1309693e+00   6.3886972e-02  -2.8874701e-01
  -1.1534792e+00  -1.6185971e-01   7.5281363e-03
  -1.0516738e+00  -4.1647253e-01   2.5992108e-01
  -8.3800647e-01  -6.6351574e-01   4.4137267e-01
  -5.3736626e-01  -8.6607993e-01   5.3738973e-01
  -1.8372775e-01  -9.9224693e-01   5.4744566e-01
   1.8422060e-01  -1.0198051e+00   4.8421484e-01
   5.2782831e-01  -9.3953162e-01   3.7082809e-01
   8.1295253e-01  -7.5658149e-01   2.3663430e-01
   1.0135636e+00  -4.8980865e-01   1.1216883e-01
   1.1140687e+00  -1.6914963e-01   2.4131756e-02
   1.1101522e+00   1.6852188e-01  -8.8458876e-03
   1.0081627e+00   4.8444918e-01   2.0985404e-02
   8.2328724e-01   7.4321936e-01   1.0949605e-01
   5.7690311e-01   9.1741986e-01   2.4159437e-01
   2.9357891e-01   9.9108303e-01   3.9385677e-01
  -1.8125540e-03   9.6146652e-01   5.3840909e-01
  -2.8648729e-01   8.3896626e-01   6.4741752e-01
  -5.4140334e-01   6.4522857e-01   6.9747380e-01
  -7.5209188e-01   4.0977969e-01   6.7320065e-01
  -9.0874094e-01   1.6568931e-01   5.6954920e-01
  -1.0057307e+00  -5.5096345e-02   3.9248344e-01
  -1.0408879e+00  -2.2609119e-01   1.5800956e-01
  -1.0147333e+00  -3.2968282e-01  -1.1023345e-01
  -9.2994005e-01  -3.5917863e-01  -3.8439197e-01
  -7.9112314e-01  -3.1924516e-01  -6.3625926e-01
  -6.0495779e-01  -2.2473217e-01  -8.4097560e-01
  -3.8050929e-01  -9.8097029e-02  -9.8002168e-01
  -1.2957302e-01   3.4168802e-02  -1.0431039e+00
   1.3321210e-01   1.4558420e-01  -1.0287307e+00
   3.9068945e-01   2.1361842e-01  -9.4350180e-01
   6.2408429e-01   2.2298232e-01  -8.0033697e-01
   8.1449178e-01   1.6783032e-01  -6.1602570e-01
   9.4483234e-01   5.2592456e-02  -4.0856150e-01
   1.0020259e+00  -1.0865140e-01  -1.9471986e-01
   9.7904712e-01  -2.9414443e-01   1.1742848e-02
   8.7649094e-01  -4.7748369e-01   2.0103597e-01
   7.0331176e-01  -6.3128420e-01   3.6737018e-01
   4.7650206e-01  -7.3097555e-01   5.0820191e-01
   2.1962856e-01  -7.5822138e-01   6.2295106e-01
  -3.9674103e-02  -7.0351012e-01   7.1154390e-01
  -2.7297296e-01  -5.6758052e-01   7.7314897e-01
  -4.5464447e-01  -3.6150232e-01   8.0541714e-01
  -5.6531016e-01  -1.0540955e-01   8.0442011e-01
  -5.9458237e-01   1.7394143e-01   7.6532735e-01
  -5.4267789e-01   4.4646678e-01   6.8369899e-01
  -4.2060756e-01   6.8247342e-01   5.5713285e-01
  -2.4885258e-01   8.5632056e-01   3.8691320e-01
  -5.4663704e-02   9.4955510e-01   1.7928487e-01
   1.3166807e-01   9.5312281e-01  -5.3975568e-02
   2.8105576e-01   8.6837864e-01  -2.9590722e-01
   3.6977053e-01   7.0677623e-01  -5.2568915e-01
   3.8289948e-01   4.8828762e-01  -7.2082407e-01
   3.1659205e-01   2.3876879e-01  -8.5990138e-01
   1.7874964e-01  -1.3378106e-02  -9.2553955e-01
  -1.1961970e-02  -2.4080480e-01  -9.0705090e-01
  -2.2865307e-01  -4.2060654e-01  -8.0239138e-01
  -4.3995058e-01  -5.3705887e-01  -6.1905009e-01
  -6.1440850e-01  -5.8334856e-01  -3.7368606e-01
  -7.2495890e-01  -5.6208150e-01  -9.0507271e-02
  -7.5276767e-01  -4.8451661e-01   2.0142035e-01
  -6.8994586e-01  -3.6864727e-01   4.7158006e-01
  -5.4073450e-01  -2.3640853e-01   6.9166058e-01
  -3.2100169e-01  -1.1040699e-01   8.3895397e-01
  -5.6133228e-02  -1.0634540e-02   8.9902450e-01
   2.2237457e-01   4.8372783e-02   8.6728735e-01
   4.8113144e-01   5.9533881e-02   7.4929948e-01
   6.8928433e-01   2.4103329e-02   5.5975572e-01
   8.2254897e-01  -4.8682691e-02   3.2037084e-01
   8.6629595e-01  -1.4313462e-01   5.6983990e-02
   8.1728951e-01  -2.3958267e-01  -2.0368003e-01
   6.8387395e-01  -3.1742956e-01  -4.3712899e-01
   4.8462218e-01  -3.5833463e-01  -6.2368174e-01
   2.4567168e-01  -3.4906258e-01  -7.5019433e-01
  -2.8550610e-03  -2.8358093e-01  -8.1077070e-01
  -2.3083779e-01  -1.6410118e-01  -8.0646134e-01
  -4.1200926e-01  -9.1520401e-04  -7.4410857e-01
  -5.2716508e-01   1.8894386e-01  -6.3461579e-01
  -5.6633486e-01   3.8401351e-01  -4.9098222e-01
  -5.2967245e-01   5.6134199e-01  -3.2644684e-01
  -4.2700358e-01   6.9962211e-01  -1.5302753e-01
  -2.7614888e-01   7.8206003e-01   1.9362216e-02
  -1.0029425e-01   7.9856631e-01   1.8316503e-01
   7.5209435e-02   7.4696351e-01   3.3287566e-01
   2.2618188e-01   6.3305783e-01   4.6436241e-01
   3.3265506e-01   4.6959605e-01   5.7405916e-01
   3.8125268e-01   2.7429744e-01   6.5828340e-01
   3.6664276e-01   6.7285615e-02   7.1289308e-01
   2.9192923e-01  -1.3167157e-01   7.3340775e-01
   1.6798624e-01  -3.0568993e-01   7.1560646e-01
   1.1867384e-02  -4.4269097e-01   6.5649722e-01
  -1.5547479e-01  -5.3645431e-01   5.5545532e-01
  -3.1185538e-01  -5.8668639e-01   4.1526882e-01
  -4.3657877e-01  -5.9815612e-01   2.4282272e-01
  -5.1289639e-01  -5.7910110e-01   4.9200801e-02
  -5.2992947e-01  -5.3922279e-01  -1.5092052e-01
  -4.8386011e-01  -4.8764854e-01  -3.4058604e-01
  -3.7828469e-01  -4.3123086e-01  -5.0244740e-01
  -2.2372046e-01  -3.7348428e-01  -6.2096595e-01
  -3.6347437e-02  -3.1433686e-01  -6.8459745e-01
   1.6385386e-01  -2.5072131e-01  -6.8759780e-01
